{
 "cells": [
  {
   "cell_type": "markdown",
   "metadata": {},
   "source": [
    "Imports"
   ]
  },
  {
   "cell_type": "code",
   "execution_count": 110,
   "metadata": {},
   "outputs": [],
   "source": [
    "import numpy as np\n",
    "import pandas as pd\n",
    "from scipy.spatial.distance import cosine\n",
    "from scipy.stats import pearsonr\n",
    "from helper import Helper\n",
    "helper = Helper()\n",
    "\n",
    "# Load the users and the recommendations from traditional aggregation methods\n",
    "user_profiles = helper.load_data('results/user_profiles.pkl')\n",
    "groups_exp_1 = helper.load_data('results/groups_exp_1.pkl')\n",
    "groups_exp_2 = helper.load_data('results/groups_exp_2.pkl')\n",
    "recommendations_exp_1 = helper.load_data('results/recommendations_exp_1.pkl')\n",
    "recommendations_exp_2 = helper.load_data('results/recommendations_exp_2.pkl')\n"
   ]
  },
  {
   "cell_type": "markdown",
   "metadata": {},
   "source": [
    "Functions"
   ]
  },
  {
   "cell_type": "code",
   "execution_count": 111,
   "metadata": {},
   "outputs": [],
   "source": [
    "# Get the user profiles containing tag ratings of each group\n",
    "def get_groups(groups_exp):\n",
    "    groups = {}\n",
    "    for g, group in enumerate(groups_exp):\n",
    "        members = {}\n",
    "        for user in group:\n",
    "            for id in user.keys():\n",
    "                members[id] = user_profiles[id]\n",
    "        groups[g] = members\n",
    "    return groups\n",
    "\n",
    "# Create matrix of users and tag ratings for computing similarity between users\n",
    "def create_matrix(groups):\n",
    "    result = {}\n",
    "    for group_id, group in groups.items():\n",
    "        # Step 1: Collect all unique strings for the current group\n",
    "        unique_strings = set()\n",
    "        for ratings in group.values():\n",
    "            unique_strings.update(ratings.keys())\n",
    "        \n",
    "        # Convert the set to a list to use as columns in DataFrame\n",
    "        unique_strings = list(unique_strings)\n",
    "\n",
    "        # Step 2: Create mapping of user ids to row indices\n",
    "        users = list(group.keys())\n",
    "        user_index = {user: idx for idx, user in enumerate(users)}\n",
    "\n",
    "        # Step 3: Initialize an empty matrix\n",
    "        num_users = len(users)\n",
    "        num_strings = len(unique_strings)\n",
    "        matrix = np.full((num_users, num_strings), np.nan)  # Using np.nan for missing ratings\n",
    "\n",
    "        # Step 4: Populate the matrix\n",
    "        string_index = {string: idx for idx, string in enumerate(unique_strings)}\n",
    "        for member, ratings in group.items():\n",
    "            for string, rating in ratings.items():\n",
    "                row_idx = user_index[member]\n",
    "                col_idx = string_index[string]\n",
    "                matrix[row_idx, col_idx] = rating\n",
    "\n",
    "        # Convert to pandas DataFrame for better readability\n",
    "        df = pd.DataFrame(matrix, index=users, columns=unique_strings)\n",
    "        \n",
    "        # Store the DataFrame in the result dictionary\n",
    "        result[group_id] = df\n",
    "        \n",
    "    return result\n",
    "\n",
    "# Similarity functions\n",
    "def cosine_similarity(matrix):\n",
    "    num_users = matrix.shape[0]\n",
    "    similarity_matrix = np.zeros((num_users, num_users))\n",
    "\n",
    "    for i in range(num_users):\n",
    "        for j in range(num_users):\n",
    "            if i != j:\n",
    "                similarity_matrix[i, j] = 1 - cosine(matrix[i], matrix[j])\n",
    "            else:\n",
    "                similarity_matrix[i, j] = 1.0  # Similarity with itself is 1\n",
    "\n",
    "    return similarity_matrix\n",
    "\n",
    "def pearson_similarity(matrix):\n",
    "    num_users = matrix.shape[0]\n",
    "    similarity_matrix = np.zeros((num_users, num_users))\n",
    "\n",
    "    for i in range(num_users):\n",
    "        for j in range(num_users):\n",
    "            if i != j:\n",
    "                valid_indices = ~np.isnan(matrix[i]) & ~np.isnan(matrix[j])\n",
    "                if np.sum(valid_indices) > 0:\n",
    "                    similarity_matrix[i, j], _ = pearsonr(matrix[i, valid_indices], matrix[j, valid_indices])\n",
    "                else:\n",
    "                    similarity_matrix[i, j] = 0  # If no valid ratings overlap, similarity is 0\n",
    "            else:\n",
    "                similarity_matrix[i, j] = 1.0  # Similarity with itself is 1\n",
    "\n",
    "    return similarity_matrix\n",
    "\n",
    "def compute_group_similarities(groups_matrix):\n",
    "    similarity_results = {}\n",
    "\n",
    "    for group_id, df in groups_matrix.items():\n",
    "        matrix = df.to_numpy()\n",
    "\n",
    "        # Compute cosine similarity\n",
    "        cosine_sim = cosine_similarity(matrix)\n",
    "        cosine_sim_df = pd.DataFrame(cosine_sim, index=df.index, columns=df.index)\n",
    "\n",
    "        # Compute pearson similarity\n",
    "        pearson_sim = pearson_similarity(matrix)\n",
    "        pearson_sim_df = pd.DataFrame(pearson_sim, index=df.index, columns=df.index)\n",
    "\n",
    "        similarity_results[group_id] = {\n",
    "            'cosine_similarity': cosine_sim_df,\n",
    "            'pearson_similarity': pearson_sim_df\n",
    "        }\n",
    "\n",
    "    return similarity_results"
   ]
  },
  {
   "cell_type": "markdown",
   "metadata": {},
   "source": [
    "Analysis"
   ]
  },
  {
   "cell_type": "code",
   "execution_count": 112,
   "metadata": {},
   "outputs": [],
   "source": [
    "groups = get_groups(groups_exp_1)\n",
    "groups_matrix = create_matrix(groups)\n",
    "group_similarities = compute_group_similarities(groups_matrix)"
   ]
  },
  {
   "cell_type": "code",
   "execution_count": 113,
   "metadata": {},
   "outputs": [
    {
     "data": {
      "text/plain": [
       "{0: {'cosine_similarity':         11176   52448   64625   37036   288146\n",
       "  11176      1.0     1.0     1.0     1.0     1.0\n",
       "  52448      1.0     1.0     1.0     1.0     1.0\n",
       "  64625      1.0     1.0     1.0     1.0     1.0\n",
       "  37036      1.0     1.0     1.0     1.0     1.0\n",
       "  288146     1.0     1.0     1.0     1.0     1.0,\n",
       "  'pearson_similarity':           11176     52448     64625     37036     288146\n",
       "  11176   1.000000  0.058479  0.068283  0.085263 -0.059640\n",
       "  52448   0.058479  1.000000 -0.035605  0.028293 -0.066133\n",
       "  64625   0.068283 -0.035605  1.000000  0.000721  0.028975\n",
       "  37036   0.085263  0.028293  0.000721  1.000000 -0.007267\n",
       "  288146 -0.059640 -0.066133  0.028975 -0.007267  1.000000},\n",
       " 1: {'cosine_similarity':         2310    962690  283390  129201  779699\n",
       "  2310       1.0     1.0     1.0     1.0     1.0\n",
       "  962690     1.0     1.0     1.0     1.0     1.0\n",
       "  283390     1.0     1.0     1.0     1.0     1.0\n",
       "  129201     1.0     1.0     1.0     1.0     1.0\n",
       "  779699     1.0     1.0     1.0     1.0     1.0,\n",
       "  'pearson_similarity':           2310      962690    283390    129201    779699\n",
       "  2310    1.000000 -0.040254  0.024149  0.022783 -0.071443\n",
       "  962690 -0.040254  1.000000  0.097615  0.015932  0.072568\n",
       "  283390  0.024149  0.097615  1.000000 -0.008895  0.071302\n",
       "  129201  0.022783  0.015932 -0.008895  1.000000 -0.008146\n",
       "  779699 -0.071443  0.072568  0.071302 -0.008146  1.000000},\n",
       " 2: {'cosine_similarity':         143721  32058   124416  24386   80998 \n",
       "  143721     1.0     1.0     1.0     1.0     1.0\n",
       "  32058      1.0     1.0     1.0     1.0     1.0\n",
       "  124416     1.0     1.0     1.0     1.0     1.0\n",
       "  24386      1.0     1.0     1.0     1.0     1.0\n",
       "  80998      1.0     1.0     1.0     1.0     1.0,\n",
       "  'pearson_similarity':           143721    32058     124416    24386     80998 \n",
       "  143721  1.000000 -0.010903 -0.046894  0.056039 -0.016727\n",
       "  32058  -0.010903  1.000000  0.113522 -0.017767 -0.012793\n",
       "  124416 -0.046894  0.113522  1.000000  0.025278  0.050114\n",
       "  24386   0.056039 -0.017767  0.025278  1.000000  0.013472\n",
       "  80998  -0.016727 -0.012793  0.050114  0.013472  1.000000},\n",
       " 3: {'cosine_similarity':          57222    199792   1052873  594139   593513 \n",
       "  57222        1.0      1.0      1.0      1.0      1.0\n",
       "  199792       1.0      1.0      1.0      1.0      1.0\n",
       "  1052873      1.0      1.0      1.0      1.0      1.0\n",
       "  594139       1.0      1.0      1.0      1.0      1.0\n",
       "  593513       1.0      1.0      1.0      1.0      1.0,\n",
       "  'pearson_similarity':           57222     199792    1052873   594139    593513 \n",
       "  57222    1.000000  0.046099 -0.018738  0.051305  0.038458\n",
       "  199792   0.046099  1.000000 -0.079373  0.097153  0.075211\n",
       "  1052873 -0.018738 -0.079373  1.000000 -0.074756 -0.018741\n",
       "  594139   0.051305  0.097153 -0.074756  1.000000  0.053397\n",
       "  593513   0.038458  0.075211 -0.018741  0.053397  1.000000},\n",
       " 4: {'cosine_similarity':         93006   64203   93446   427184  207176\n",
       "  93006      1.0     1.0     1.0     1.0     1.0\n",
       "  64203      1.0     1.0     1.0     1.0     1.0\n",
       "  93446      1.0     1.0     1.0     1.0     1.0\n",
       "  427184     1.0     1.0     1.0     1.0     1.0\n",
       "  207176     1.0     1.0     1.0     1.0     1.0,\n",
       "  'pearson_similarity':           93006     64203     93446     427184    207176\n",
       "  93006   1.000000 -0.006322 -0.027619  0.027365 -0.000706\n",
       "  64203  -0.006322  1.000000 -0.023237 -0.007145  0.044370\n",
       "  93446  -0.027619 -0.023237  1.000000 -0.067411 -0.043611\n",
       "  427184  0.027365 -0.007145 -0.067411  1.000000 -0.014612\n",
       "  207176 -0.000706  0.044370 -0.043611 -0.014612  1.000000},\n",
       " 5: {'cosine_similarity':         114027  398275  172369  463202  36944 \n",
       "  114027     1.0     1.0     1.0     1.0     1.0\n",
       "  398275     1.0     1.0     1.0     1.0     1.0\n",
       "  172369     1.0     1.0     1.0     1.0     1.0\n",
       "  463202     1.0     1.0     1.0     1.0     1.0\n",
       "  36944      1.0     1.0     1.0     1.0     1.0,\n",
       "  'pearson_similarity':           114027    398275    172369    463202    36944 \n",
       "  114027  1.000000  0.013542 -0.075734 -0.001836  0.040336\n",
       "  398275  0.013542  1.000000  0.120239  0.019356  0.149691\n",
       "  172369 -0.075734  0.120239  1.000000  0.013857 -0.034175\n",
       "  463202 -0.001836  0.019356  0.013857  1.000000  0.073957\n",
       "  36944   0.040336  0.149691 -0.034175  0.073957  1.000000},\n",
       " 6: {'cosine_similarity':         246482  284897  58038   621626  407007\n",
       "  246482     1.0     1.0     1.0     1.0     1.0\n",
       "  284897     1.0     1.0     1.0     1.0     1.0\n",
       "  58038      1.0     1.0     1.0     1.0     1.0\n",
       "  621626     1.0     1.0     1.0     1.0     1.0\n",
       "  407007     1.0     1.0     1.0     1.0     1.0,\n",
       "  'pearson_similarity':           246482    284897    58038     621626    407007\n",
       "  246482  1.000000 -0.033784  0.024471 -0.026279 -0.061950\n",
       "  284897 -0.033784  1.000000  0.019982 -0.007803 -0.026954\n",
       "  58038   0.024471  0.019982  1.000000  0.117190 -0.089040\n",
       "  621626 -0.026279 -0.007803  0.117190  1.000000  0.055026\n",
       "  407007 -0.061950 -0.026954 -0.089040  0.055026  1.000000},\n",
       " 7: {'cosine_similarity':         283251  35526   383853  340141  126104\n",
       "  283251     1.0     1.0     1.0     1.0     1.0\n",
       "  35526      1.0     1.0     1.0     1.0     1.0\n",
       "  383853     1.0     1.0     1.0     1.0     1.0\n",
       "  340141     1.0     1.0     1.0     1.0     1.0\n",
       "  126104     1.0     1.0     1.0     1.0     1.0,\n",
       "  'pearson_similarity':           283251    35526     383853    340141    126104\n",
       "  283251  1.000000 -0.018199 -0.020408  0.050037  0.004076\n",
       "  35526  -0.018199  1.000000 -0.011172  0.041100  0.110022\n",
       "  383853 -0.020408 -0.011172  1.000000  0.042086  0.033865\n",
       "  340141  0.050037  0.041100  0.042086  1.000000  0.038167\n",
       "  126104  0.004076  0.110022  0.033865  0.038167  1.000000},\n",
       " 8: {'cosine_similarity':         840768  552613  481092  222055  86512 \n",
       "  840768     1.0     1.0     1.0     1.0     1.0\n",
       "  552613     1.0     1.0     1.0     1.0     1.0\n",
       "  481092     1.0     1.0     1.0     1.0     1.0\n",
       "  222055     1.0     1.0     1.0     1.0     1.0\n",
       "  86512      1.0     1.0     1.0     1.0     1.0,\n",
       "  'pearson_similarity':           840768    552613    481092    222055    86512 \n",
       "  840768  1.000000  0.060792 -0.107575 -0.092469  0.031724\n",
       "  552613  0.060792  1.000000 -0.021013 -0.114533  0.064211\n",
       "  481092 -0.107575 -0.021013  1.000000 -0.006675 -0.036289\n",
       "  222055 -0.092469 -0.114533 -0.006675  1.000000 -0.006597\n",
       "  86512   0.031724  0.064211 -0.036289 -0.006597  1.000000},\n",
       " 9: {'cosine_similarity':         199020  32772   546010  35635   146284\n",
       "  199020     1.0     1.0     1.0     1.0     1.0\n",
       "  32772      1.0     1.0     1.0     1.0     1.0\n",
       "  546010     1.0     1.0     1.0     1.0     1.0\n",
       "  35635      1.0     1.0     1.0     1.0     1.0\n",
       "  146284     1.0     1.0     1.0     1.0     1.0,\n",
       "  'pearson_similarity':           199020    32772     546010    35635     146284\n",
       "  199020  1.000000 -0.009386 -0.081856  0.035663 -0.007250\n",
       "  32772  -0.009386  1.000000  0.162283  0.061019  0.012971\n",
       "  546010 -0.081856  0.162283  1.000000  0.021681 -0.019774\n",
       "  35635   0.035663  0.061019  0.021681  1.000000 -0.008142\n",
       "  146284 -0.007250  0.012971 -0.019774 -0.008142  1.000000},\n",
       " 10: {'cosine_similarity':          1365025  280166   65197    465829   350750 \n",
       "  1365025      1.0      1.0      1.0      1.0      1.0\n",
       "  280166       1.0      1.0      1.0      1.0      1.0\n",
       "  65197        1.0      1.0      1.0      1.0      1.0\n",
       "  465829       1.0      1.0      1.0      1.0      1.0\n",
       "  350750       1.0      1.0      1.0      1.0      1.0,\n",
       "  'pearson_similarity':           1365025   280166    65197     465829    350750 \n",
       "  1365025  1.000000  0.088056 -0.049953 -0.010860 -0.015718\n",
       "  280166   0.088056  1.000000 -0.053076 -0.037348 -0.082730\n",
       "  65197   -0.049953 -0.053076  1.000000  0.071094 -0.028483\n",
       "  465829  -0.010860 -0.037348  0.071094  1.000000 -0.079509\n",
       "  350750  -0.015718 -0.082730 -0.028483 -0.079509  1.000000},\n",
       " 11: {'cosine_similarity':          60989    37868    36128    2123645  126435 \n",
       "  60989        1.0      1.0      1.0      1.0      1.0\n",
       "  37868        1.0      1.0      1.0      1.0      1.0\n",
       "  36128        1.0      1.0      1.0      1.0      1.0\n",
       "  2123645      1.0      1.0      1.0      1.0      1.0\n",
       "  126435       1.0      1.0      1.0      1.0      1.0,\n",
       "  'pearson_similarity':           60989     37868     36128     2123645   126435 \n",
       "  60989    1.000000 -0.073968  0.089031  0.038465 -0.041061\n",
       "  37868   -0.073968  1.000000  0.081475  0.227733 -0.017210\n",
       "  36128    0.089031  0.081475  1.000000  0.098768 -0.037485\n",
       "  2123645  0.038465  0.227733  0.098768  1.000000 -0.039478\n",
       "  126435  -0.041061 -0.017210 -0.037485 -0.039478  1.000000},\n",
       " 12: {'cosine_similarity':         218535  68884   25792   73836   237123\n",
       "  218535     1.0     1.0     1.0     1.0     1.0\n",
       "  68884      1.0     1.0     1.0     1.0     1.0\n",
       "  25792      1.0     1.0     1.0     1.0     1.0\n",
       "  73836      1.0     1.0     1.0     1.0     1.0\n",
       "  237123     1.0     1.0     1.0     1.0     1.0,\n",
       "  'pearson_similarity':           218535    68884     25792     73836     237123\n",
       "  218535  1.000000 -0.050127 -0.007031  0.031629 -0.066632\n",
       "  68884  -0.050127  1.000000  0.034739  0.118577 -0.020649\n",
       "  25792  -0.007031  0.034739  1.000000 -0.046058 -0.045258\n",
       "  73836   0.031629  0.118577 -0.046058  1.000000  0.014461\n",
       "  237123 -0.066632 -0.020649 -0.045258  0.014461  1.000000},\n",
       " 13: {'cosine_similarity':         953275  27678   15521   174991  173314\n",
       "  953275     1.0     1.0     1.0     1.0     1.0\n",
       "  27678      1.0     1.0     1.0     1.0     1.0\n",
       "  15521      1.0     1.0     1.0     1.0     1.0\n",
       "  174991     1.0     1.0     1.0     1.0     1.0\n",
       "  173314     1.0     1.0     1.0     1.0     1.0,\n",
       "  'pearson_similarity':           953275    27678     15521     174991    173314\n",
       "  953275  1.000000 -0.014730 -0.040813 -0.062059  0.059096\n",
       "  27678  -0.014730  1.000000  0.082877  0.041086 -0.044201\n",
       "  15521  -0.040813  0.082877  1.000000  0.108135  0.101823\n",
       "  174991 -0.062059  0.041086  0.108135  1.000000  0.028601\n",
       "  173314  0.059096 -0.044201  0.101823  0.028601  1.000000},\n",
       " 14: {'cosine_similarity':         187373  993604  137911  156034  88378 \n",
       "  187373     1.0     1.0     1.0     1.0     1.0\n",
       "  993604     1.0     1.0     1.0     1.0     1.0\n",
       "  137911     1.0     1.0     1.0     1.0     1.0\n",
       "  156034     1.0     1.0     1.0     1.0     1.0\n",
       "  88378      1.0     1.0     1.0     1.0     1.0,\n",
       "  'pearson_similarity':           187373    993604    137911    156034    88378 \n",
       "  187373  1.000000 -0.093678 -0.037646  0.037334 -0.004132\n",
       "  993604 -0.093678  1.000000 -0.049393  0.003051  0.010372\n",
       "  137911 -0.037646 -0.049393  1.000000 -0.129158 -0.107119\n",
       "  156034  0.037334  0.003051 -0.129158  1.000000 -0.008323\n",
       "  88378  -0.004132  0.010372 -0.107119 -0.008323  1.000000},\n",
       " 15: {'cosine_similarity':         296027  402559  590105  177933  60124 \n",
       "  296027     1.0     1.0     1.0     1.0     1.0\n",
       "  402559     1.0     1.0     1.0     1.0     1.0\n",
       "  590105     1.0     1.0     1.0     1.0     1.0\n",
       "  177933     1.0     1.0     1.0     1.0     1.0\n",
       "  60124      1.0     1.0     1.0     1.0     1.0,\n",
       "  'pearson_similarity':           296027    402559    590105    177933    60124 \n",
       "  296027  1.000000 -0.031332  0.001272 -0.068779 -0.005999\n",
       "  402559 -0.031332  1.000000 -0.020672 -0.033388 -0.070643\n",
       "  590105  0.001272 -0.020672  1.000000  0.008721  0.055974\n",
       "  177933 -0.068779 -0.033388  0.008721  1.000000  0.080465\n",
       "  60124  -0.005999 -0.070643  0.055974  0.080465  1.000000},\n",
       " 16: {'cosine_similarity':          311003   470351   1056692  55380    129958 \n",
       "  311003       1.0      1.0      1.0      1.0      1.0\n",
       "  470351       1.0      1.0      1.0      1.0      1.0\n",
       "  1056692      1.0      1.0      1.0      1.0      1.0\n",
       "  55380        1.0      1.0      1.0      1.0      1.0\n",
       "  129958       1.0      1.0      1.0      1.0      1.0,\n",
       "  'pearson_similarity':           311003    470351    1056692   55380     129958 \n",
       "  311003   1.000000 -0.083841  0.078136 -0.071899  0.028511\n",
       "  470351  -0.083841  1.000000 -0.046401  0.011587  0.073793\n",
       "  1056692  0.078136 -0.046401  1.000000  0.002366 -0.019883\n",
       "  55380   -0.071899  0.011587  0.002366  1.000000 -0.037165\n",
       "  129958   0.028511  0.073793 -0.019883 -0.037165  1.000000},\n",
       " 17: {'cosine_similarity':          318262   233583   56463    1925885  2324285\n",
       "  318262       1.0      1.0      1.0      1.0      1.0\n",
       "  233583       1.0      1.0      1.0      1.0      1.0\n",
       "  56463        1.0      1.0      1.0      1.0      1.0\n",
       "  1925885      1.0      1.0      1.0      1.0      1.0\n",
       "  2324285      1.0      1.0      1.0      1.0      1.0,\n",
       "  'pearson_similarity':           318262    233583    56463     1925885   2324285\n",
       "  318262   1.000000 -0.050524 -0.007330 -0.074371 -0.068257\n",
       "  233583  -0.050524  1.000000 -0.036033 -0.014432 -0.040353\n",
       "  56463   -0.007330 -0.036033  1.000000  0.045074 -0.038687\n",
       "  1925885 -0.074371 -0.014432  0.045074  1.000000  0.046432\n",
       "  2324285 -0.068257 -0.040353 -0.038687  0.046432  1.000000},\n",
       " 18: {'cosine_similarity':          51011    678366   135887   1329782  303700 \n",
       "  51011        1.0      1.0      1.0      1.0      1.0\n",
       "  678366       1.0      1.0      1.0      1.0      1.0\n",
       "  135887       1.0      1.0      1.0      1.0      1.0\n",
       "  1329782      1.0      1.0      1.0      1.0      1.0\n",
       "  303700       1.0      1.0      1.0      1.0      1.0,\n",
       "  'pearson_similarity':           51011     678366    135887    1329782   303700 \n",
       "  51011    1.000000 -0.084236  0.126735  0.018493 -0.109024\n",
       "  678366  -0.084236  1.000000 -0.033183 -0.054445 -0.087344\n",
       "  135887   0.126735 -0.033183  1.000000  0.000186  0.000523\n",
       "  1329782  0.018493 -0.054445  0.000186  1.000000  0.011428\n",
       "  303700  -0.109024 -0.087344  0.000523  0.011428  1.000000},\n",
       " 19: {'cosine_similarity':         75497   724516  180898  115758  360437\n",
       "  75497      1.0     1.0     1.0     1.0     1.0\n",
       "  724516     1.0     1.0     1.0     1.0     1.0\n",
       "  180898     1.0     1.0     1.0     1.0     1.0\n",
       "  115758     1.0     1.0     1.0     1.0     1.0\n",
       "  360437     1.0     1.0     1.0     1.0     1.0,\n",
       "  'pearson_similarity':           75497     724516    180898    115758    360437\n",
       "  75497   1.000000 -0.000470  0.002911  0.079742  0.143861\n",
       "  724516 -0.000470  1.000000 -0.093591  0.059013 -0.008604\n",
       "  180898  0.002911 -0.093591  1.000000  0.013605  0.000301\n",
       "  115758  0.079742  0.059013  0.013605  1.000000  0.022903\n",
       "  360437  0.143861 -0.008604  0.000301  0.022903  1.000000},\n",
       " 20: {'cosine_similarity':             185446      30534       444132      2000431901  570804    \n",
       "  185446             1.0         1.0         1.0         1.0         1.0\n",
       "  30534              1.0         1.0         1.0         1.0         1.0\n",
       "  444132             1.0         1.0         1.0         1.0         1.0\n",
       "  2000431901         1.0         1.0         1.0         1.0         1.0\n",
       "  570804             1.0         1.0         1.0         1.0         1.0,\n",
       "  'pearson_similarity':             185446      30534       444132      2000431901  570804    \n",
       "  185446        1.000000    0.004380    0.114822    0.015107   -0.065710\n",
       "  30534         0.004380    1.000000   -0.005163    0.014912   -0.028299\n",
       "  444132        0.114822   -0.005163    1.000000   -0.021352    0.157644\n",
       "  2000431901    0.015107    0.014912   -0.021352    1.000000    0.007964\n",
       "  570804       -0.065710   -0.028299    0.157644    0.007964    1.000000},\n",
       " 21: {'cosine_similarity':          192264   1706426  284180   358796   394592 \n",
       "  192264       1.0      1.0      1.0      1.0      1.0\n",
       "  1706426      1.0      1.0      1.0      1.0      1.0\n",
       "  284180       1.0      1.0      1.0      1.0      1.0\n",
       "  358796       1.0      1.0      1.0      1.0      1.0\n",
       "  394592       1.0      1.0      1.0      1.0      1.0,\n",
       "  'pearson_similarity':           192264    1706426   284180    358796    394592 \n",
       "  192264   1.000000  0.149165 -0.021928  0.001284  0.003081\n",
       "  1706426  0.149165  1.000000  0.030594  0.054246 -0.041208\n",
       "  284180  -0.021928  0.030594  1.000000 -0.101639 -0.002195\n",
       "  358796   0.001284  0.054246 -0.101639  1.000000 -0.038962\n",
       "  394592   0.003081 -0.041208 -0.002195 -0.038962  1.000000},\n",
       " 22: {'cosine_similarity':         60260   416985  209441  67103   937635\n",
       "  60260      1.0     1.0     1.0     1.0     1.0\n",
       "  416985     1.0     1.0     1.0     1.0     1.0\n",
       "  209441     1.0     1.0     1.0     1.0     1.0\n",
       "  67103      1.0     1.0     1.0     1.0     1.0\n",
       "  937635     1.0     1.0     1.0     1.0     1.0,\n",
       "  'pearson_similarity':           60260     416985    209441    67103     937635\n",
       "  60260   1.000000  0.036329 -0.017555  0.086406  0.007395\n",
       "  416985  0.036329  1.000000 -0.024160 -0.024000  0.107630\n",
       "  209441 -0.017555 -0.024160  1.000000  0.034764  0.187032\n",
       "  67103   0.086406 -0.024000  0.034764  1.000000 -0.085656\n",
       "  937635  0.007395  0.107630  0.187032 -0.085656  1.000000},\n",
       " 23: {'cosine_similarity':         107651  463435  62264   930100  189643\n",
       "  107651     1.0     1.0     1.0     1.0     1.0\n",
       "  463435     1.0     1.0     1.0     1.0     1.0\n",
       "  62264      1.0     1.0     1.0     1.0     1.0\n",
       "  930100     1.0     1.0     1.0     1.0     1.0\n",
       "  189643     1.0     1.0     1.0     1.0     1.0,\n",
       "  'pearson_similarity':           107651    463435    62264     930100    189643\n",
       "  107651  1.000000  0.022888  0.091486 -0.001741 -0.041452\n",
       "  463435  0.022888  1.000000 -0.019156  0.040892  0.004148\n",
       "  62264   0.091486 -0.019156  1.000000  0.128734 -0.078463\n",
       "  930100 -0.001741  0.040892  0.128734  1.000000  0.034164\n",
       "  189643 -0.041452  0.004148 -0.078463  0.034164  1.000000},\n",
       " 24: {'cosine_similarity':         264017  673444  14410   281399  92886 \n",
       "  264017     1.0     1.0     1.0     1.0     1.0\n",
       "  673444     1.0     1.0     1.0     1.0     1.0\n",
       "  14410      1.0     1.0     1.0     1.0     1.0\n",
       "  281399     1.0     1.0     1.0     1.0     1.0\n",
       "  92886      1.0     1.0     1.0     1.0     1.0,\n",
       "  'pearson_similarity':           264017    673444    14410     281399    92886 \n",
       "  264017  1.000000  0.041336  0.080268 -0.043006 -0.007680\n",
       "  673444  0.041336  1.000000 -0.029078 -0.027658  0.021495\n",
       "  14410   0.080268 -0.029078  1.000000  0.071831  0.066944\n",
       "  281399 -0.043006 -0.027658  0.071831  1.000000 -0.059364\n",
       "  92886  -0.007680  0.021495  0.066944 -0.059364  1.000000},\n",
       " 25: {'cosine_similarity':         385678  219942  293410  64583   312577\n",
       "  385678     1.0     1.0     1.0     1.0     1.0\n",
       "  219942     1.0     1.0     1.0     1.0     1.0\n",
       "  293410     1.0     1.0     1.0     1.0     1.0\n",
       "  64583      1.0     1.0     1.0     1.0     1.0\n",
       "  312577     1.0     1.0     1.0     1.0     1.0,\n",
       "  'pearson_similarity':           385678    219942    293410    64583     312577\n",
       "  385678  1.000000  0.045010  0.014625  0.094498 -0.002179\n",
       "  219942  0.045010  1.000000 -0.064712 -0.056314  0.095115\n",
       "  293410  0.014625 -0.064712  1.000000 -0.038944  0.000741\n",
       "  64583   0.094498 -0.056314 -0.038944  1.000000  0.091276\n",
       "  312577 -0.002179  0.095115  0.000741  0.091276  1.000000},\n",
       " 26: {'cosine_similarity':         146047  344231  227607  209255  38643 \n",
       "  146047     1.0     1.0     1.0     1.0     1.0\n",
       "  344231     1.0     1.0     1.0     1.0     1.0\n",
       "  227607     1.0     1.0     1.0     1.0     1.0\n",
       "  209255     1.0     1.0     1.0     1.0     1.0\n",
       "  38643      1.0     1.0     1.0     1.0     1.0,\n",
       "  'pearson_similarity':           146047    344231    227607    209255    38643 \n",
       "  146047  1.000000 -0.015388  0.018977 -0.078318  0.019288\n",
       "  344231 -0.015388  1.000000 -0.036444  0.051863  0.003935\n",
       "  227607  0.018977 -0.036444  1.000000 -0.047496 -0.054428\n",
       "  209255 -0.078318  0.051863 -0.047496  1.000000 -0.039539\n",
       "  38643   0.019288  0.003935 -0.054428 -0.039539  1.000000},\n",
       " 27: {'cosine_similarity':         28636   64642   125640  60231   35140 \n",
       "  28636      1.0     1.0     1.0     1.0     1.0\n",
       "  64642      1.0     1.0     1.0     1.0     1.0\n",
       "  125640     1.0     1.0     1.0     1.0     1.0\n",
       "  60231      1.0     1.0     1.0     1.0     1.0\n",
       "  35140      1.0     1.0     1.0     1.0     1.0,\n",
       "  'pearson_similarity':           28636     64642     125640    60231     35140 \n",
       "  28636   1.000000  0.009174  0.110486 -0.012557  0.015919\n",
       "  64642   0.009174  1.000000 -0.031937 -0.044889  0.063513\n",
       "  125640  0.110486 -0.031937  1.000000  0.035538  0.007213\n",
       "  60231  -0.012557 -0.044889  0.035538  1.000000  0.075700\n",
       "  35140   0.015919  0.063513  0.007213  0.075700  1.000000},\n",
       " 28: {'cosine_similarity':         160977  165933  13796   439797  209983\n",
       "  160977     1.0     1.0     1.0     1.0     1.0\n",
       "  165933     1.0     1.0     1.0     1.0     1.0\n",
       "  13796      1.0     1.0     1.0     1.0     1.0\n",
       "  439797     1.0     1.0     1.0     1.0     1.0\n",
       "  209983     1.0     1.0     1.0     1.0     1.0,\n",
       "  'pearson_similarity':           160977    165933    13796     439797    209983\n",
       "  160977  1.000000  0.068290 -0.081164 -0.086997 -0.008926\n",
       "  165933  0.068290  1.000000 -0.024356 -0.076247 -0.018231\n",
       "  13796  -0.081164 -0.024356  1.000000  0.058701  0.138344\n",
       "  439797 -0.086997 -0.076247  0.058701  1.000000 -0.079013\n",
       "  209983 -0.008926 -0.018231  0.138344 -0.079013  1.000000},\n",
       " 29: {'cosine_similarity':          350938   28649    324621   1366254  171303 \n",
       "  350938       1.0      1.0      1.0      1.0      1.0\n",
       "  28649        1.0      1.0      1.0      1.0      1.0\n",
       "  324621       1.0      1.0      1.0      1.0      1.0\n",
       "  1366254      1.0      1.0      1.0      1.0      1.0\n",
       "  171303       1.0      1.0      1.0      1.0      1.0,\n",
       "  'pearson_similarity':           350938    28649     324621    1366254   171303 \n",
       "  350938   1.000000 -0.032798  0.106406 -0.079610  0.131994\n",
       "  28649   -0.032798  1.000000  0.099379 -0.070458  0.068836\n",
       "  324621   0.106406  0.099379  1.000000 -0.037390 -0.017126\n",
       "  1366254 -0.079610 -0.070458 -0.037390  1.000000  0.011933\n",
       "  171303   0.131994  0.068836 -0.017126  0.011933  1.000000},\n",
       " 30: {'cosine_similarity':         248023  52125   157167  362983  351811\n",
       "  248023     1.0     1.0     1.0     1.0     1.0\n",
       "  52125      1.0     1.0     1.0     1.0     1.0\n",
       "  157167     1.0     1.0     1.0     1.0     1.0\n",
       "  362983     1.0     1.0     1.0     1.0     1.0\n",
       "  351811     1.0     1.0     1.0     1.0     1.0,\n",
       "  'pearson_similarity':           248023    52125     157167    362983    351811\n",
       "  248023  1.000000  0.058640  0.003203 -0.167609  0.127904\n",
       "  52125   0.058640  1.000000  0.082043 -0.028117  0.035798\n",
       "  157167  0.003203  0.082043  1.000000  0.026570 -0.001836\n",
       "  362983 -0.167609 -0.028117  0.026570  1.000000 -0.064541\n",
       "  351811  0.127904  0.035798 -0.001836 -0.064541  1.000000},\n",
       " 31: {'cosine_similarity':         302094  74652   361931  22973   480195\n",
       "  302094     1.0     1.0     1.0     1.0     1.0\n",
       "  74652      1.0     1.0     1.0     1.0     1.0\n",
       "  361931     1.0     1.0     1.0     1.0     1.0\n",
       "  22973      1.0     1.0     1.0     1.0     1.0\n",
       "  480195     1.0     1.0     1.0     1.0     1.0,\n",
       "  'pearson_similarity':           302094    74652     361931    22973     480195\n",
       "  302094  1.000000  0.050322 -0.023091 -0.055458 -0.032829\n",
       "  74652   0.050322  1.000000  0.079490 -0.024804 -0.057811\n",
       "  361931 -0.023091  0.079490  1.000000 -0.091595  0.069755\n",
       "  22973  -0.055458 -0.024804 -0.091595  1.000000 -0.050268\n",
       "  480195 -0.032829 -0.057811  0.069755 -0.050268  1.000000},\n",
       " 32: {'cosine_similarity':         69838   900992  186855  185285  359220\n",
       "  69838      1.0     1.0     1.0     1.0     1.0\n",
       "  900992     1.0     1.0     1.0     1.0     1.0\n",
       "  186855     1.0     1.0     1.0     1.0     1.0\n",
       "  185285     1.0     1.0     1.0     1.0     1.0\n",
       "  359220     1.0     1.0     1.0     1.0     1.0,\n",
       "  'pearson_similarity':           69838     900992    186855    185285    359220\n",
       "  69838   1.000000 -0.016611 -0.005929  0.135615  0.118805\n",
       "  900992 -0.016611  1.000000  0.029673 -0.001354  0.054123\n",
       "  186855 -0.005929  0.029673  1.000000  0.182673  0.014405\n",
       "  185285  0.135615 -0.001354  0.182673  1.000000  0.118395\n",
       "  359220  0.118805  0.054123  0.014405  0.118395  1.000000},\n",
       " 33: {'cosine_similarity':         147027  11297   27643   20480   465056\n",
       "  147027     1.0     1.0     1.0     1.0     1.0\n",
       "  11297      1.0     1.0     1.0     1.0     1.0\n",
       "  27643      1.0     1.0     1.0     1.0     1.0\n",
       "  20480      1.0     1.0     1.0     1.0     1.0\n",
       "  465056     1.0     1.0     1.0     1.0     1.0,\n",
       "  'pearson_similarity':           147027    11297     27643     20480     465056\n",
       "  147027  1.000000  0.014921 -0.062378  0.025637  0.081681\n",
       "  11297   0.014921  1.000000  0.012737  0.024767 -0.006711\n",
       "  27643  -0.062378  0.012737  1.000000 -0.051388  0.049765\n",
       "  20480   0.025637  0.024767 -0.051388  1.000000  0.000518\n",
       "  465056  0.081681 -0.006711  0.049765  0.000518  1.000000},\n",
       " 34: {'cosine_similarity':         288218  187281  601528  226867  852554\n",
       "  288218     1.0     1.0     1.0     1.0     1.0\n",
       "  187281     1.0     1.0     1.0     1.0     1.0\n",
       "  601528     1.0     1.0     1.0     1.0     1.0\n",
       "  226867     1.0     1.0     1.0     1.0     1.0\n",
       "  852554     1.0     1.0     1.0     1.0     1.0,\n",
       "  'pearson_similarity':           288218    187281    601528    226867    852554\n",
       "  288218  1.000000 -0.005307 -0.034901 -0.082533  0.046149\n",
       "  187281 -0.005307  1.000000 -0.042616 -0.065683  0.169320\n",
       "  601528 -0.034901 -0.042616  1.000000 -0.053643  0.007255\n",
       "  226867 -0.082533 -0.065683 -0.053643  1.000000 -0.002121\n",
       "  852554  0.046149  0.169320  0.007255 -0.002121  1.000000},\n",
       " 35: {'cosine_similarity':          620763   936601   7108     1701315  789516 \n",
       "  620763       1.0      1.0      1.0      1.0      1.0\n",
       "  936601       1.0      1.0      1.0      1.0      1.0\n",
       "  7108         1.0      1.0      1.0      1.0      1.0\n",
       "  1701315      1.0      1.0      1.0      1.0      1.0\n",
       "  789516       1.0      1.0      1.0      1.0      1.0,\n",
       "  'pearson_similarity':           620763    936601    7108      1701315   789516 \n",
       "  620763   1.000000 -0.034366 -0.108012  0.036151 -0.013842\n",
       "  936601  -0.034366  1.000000  0.008854 -0.063999  0.103237\n",
       "  7108    -0.108012  0.008854  1.000000 -0.061823  0.091499\n",
       "  1701315  0.036151 -0.063999 -0.061823  1.000000 -0.025718\n",
       "  789516  -0.013842  0.103237  0.091499 -0.025718  1.000000},\n",
       " 36: {'cosine_similarity':          57042    1105991  195589   229850   193516 \n",
       "  57042        1.0      1.0      1.0      1.0      1.0\n",
       "  1105991      1.0      1.0      1.0      1.0      1.0\n",
       "  195589       1.0      1.0      1.0      1.0      1.0\n",
       "  229850       1.0      1.0      1.0      1.0      1.0\n",
       "  193516       1.0      1.0      1.0      1.0      1.0,\n",
       "  'pearson_similarity':           57042     1105991   195589    229850    193516 \n",
       "  57042    1.000000 -0.056163 -0.011101 -0.008581 -0.070358\n",
       "  1105991 -0.056163  1.000000  0.189773  0.055037  0.059076\n",
       "  195589  -0.011101  0.189773  1.000000 -0.014646 -0.024186\n",
       "  229850  -0.008581  0.055037 -0.014646  1.000000 -0.122237\n",
       "  193516  -0.070358  0.059076 -0.024186 -0.122237  1.000000},\n",
       " 37: {'cosine_similarity':         68526   663997  381180  269521  341170\n",
       "  68526      1.0     1.0     1.0     1.0     1.0\n",
       "  663997     1.0     1.0     1.0     1.0     1.0\n",
       "  381180     1.0     1.0     1.0     1.0     1.0\n",
       "  269521     1.0     1.0     1.0     1.0     1.0\n",
       "  341170     1.0     1.0     1.0     1.0     1.0,\n",
       "  'pearson_similarity':           68526     663997    381180    269521    341170\n",
       "  68526   1.000000 -0.084071  0.005130 -0.046867 -0.036925\n",
       "  663997 -0.084071  1.000000  0.043773  0.024532 -0.033149\n",
       "  381180  0.005130  0.043773  1.000000  0.076376 -0.080656\n",
       "  269521 -0.046867  0.024532  0.076376  1.000000  0.038452\n",
       "  341170 -0.036925 -0.033149 -0.080656  0.038452  1.000000},\n",
       " 38: {'cosine_similarity':         131021  64667   6651    706608  232669\n",
       "  131021     1.0     1.0     1.0     1.0     1.0\n",
       "  64667      1.0     1.0     1.0     1.0     1.0\n",
       "  6651       1.0     1.0     1.0     1.0     1.0\n",
       "  706608     1.0     1.0     1.0     1.0     1.0\n",
       "  232669     1.0     1.0     1.0     1.0     1.0,\n",
       "  'pearson_similarity':           131021    64667     6651      706608    232669\n",
       "  131021  1.000000  0.071282  0.039617  0.140308  0.080589\n",
       "  64667   0.071282  1.000000 -0.053785  0.007398 -0.021716\n",
       "  6651    0.039617 -0.053785  1.000000  0.059497  0.036566\n",
       "  706608  0.140308  0.007398  0.059497  1.000000 -0.009199\n",
       "  232669  0.080589 -0.021716  0.036566 -0.009199  1.000000},\n",
       " 39: {'cosine_similarity':             53959       55578       191533      690623      1802849661\n",
       "  53959              1.0         1.0         1.0         1.0         1.0\n",
       "  55578              1.0         1.0         1.0         1.0         1.0\n",
       "  191533             1.0         1.0         1.0         1.0         1.0\n",
